0.75
3.14
0.00
5.00
5.00
0.00
3.98
3.94
0.00
5.00
1.01
0.00
5.00
0.00
2.10
5.00
0.00
5.00
1.79
0.00
5.00
0.00
0.00
5.00
0.00
5.00
2.80
0.00
5.00
0.16
0.00
3.61
4.28
0.00
5.00
1.30
0.00
5.00
0.00
1.20
5.00
0.00
5.00
2.50
0.00
5.00
0.00
0.00
5.00
0.00
5.00
3.70
0.00
5.00
0.51
0.00
5.00
0.00
0.00
5.00
1.52
0.00
5.00
0.00
0.07
5.00
0.00
5.00
3.10
0.00
5.00
0.42
0.00
5.00
0.00
3.15
4.61
0.00
5.00
1.84
0.00
5.00
0.00
0.00
5.00
0.00
0.00
1.84
5.00
0.00
5.00
2.38
0.00
5.00
0.23
0.00
5.00
0.00
3.58
4.38
0.00
5.00
1.67
0.00
5.00
0.00
0.00
5.00
0.00
4.98
3.48
0.00
0.00
5.00
0.00
2.69
4.98
0.00
5.00
2.01
0.00
5.00
0.00
0.00
5.00
0.00
4.73
2.52
0.00
5.00
0.00
0.00
3.90
2.55
2.55
2.56
2.54
2.45
2.01
0.00
2.16
5.00
0.00
4.93
3.57
0.00
5.00
2.26
2.44
2.50
2.55
2.76
3.57
4.13
4.34
2.68
2.43
2.06
1.99
1.74
1.72
1.80
1.83
2.04
2.08
2.67
3.09
2.56
2.55
2.54
2.55
2.38
2.18
2.26
2.79
3.18
3.35
3.47
3.80
3.75
2.56
2.49
2.25
1.54
1.48
1.48
1.78
2.01
2.38
2.69
2.88
2.75
2.53
2.23
2.44
2.75
3.09
3.34
3.44
3.51
3.55
3.66
2.55
2.55
2.28
1.59
1.51
1.53
1.70
1.91
2.31
2.58
2.74
3.00
2.59
2.54
2.54
2.13
2.08
2.43
2.84
3.39
3.46
3.41
3.39
2.89
2.34
1.90
1.36
1.21
1.73
2.36
2.66
2.78
2.92
2.76
2.56
2.55
2.14
2.14
2.42
2.61
2.78
3.00
3.22
3.36
3.44
3.47
2.91
2.06
1.29
1.48
1.85
1.93
2.05
2.35
2.53
2.65
2.65
2.51
2.45
2.50
2.62
2.80
3.04
3.09
3.10
3.15
3.18
3.30
3.18
3.30
2.56
2.50
2.38
2.22
2.22
1.90
2.02
2.31
2.07
1.98
1.95
2.20
2.43
2.50
2.55
2.55
2.55
2.57
2.37
2.56
2.72
2.57
2.51
2.48
2.49
2.52
2.56
2.70
2.75
2.79
2.99
3.35
3.53
3.29
3.10
2.71
2.56
2.45
2.04
1.94
1.94
1.94
1.94
1.97
2.18
3.46
2.48
2.32
2.59
2.77
2.59
2.42
2.43
2.50
2.59
2.63
2.72
2.84
2.91
2.94
3.02
3.24
3.65
3.74
2.55
2.55
2.47
0.79
1.46
1.68
1.18
2.07
2.26
2.42
2.51
2.39
2.60
2.56
2.17
2.62
2.27
2.69
2.77
2.96
3.18
3.26
3.08
3.15
3.31
3.32
2.45
2.55
2.32
2.10
1.63
1.72
3.01
1.93
2.10
3.13
2.47
2.55
2.62
2.77
2.73
2.55
2.45
2.44
2.09
2.43
2.65
2.81
2.99
2.88
2.88
3.07
3.20
3.10
2.96
2.58
2.41
1.41
1.60
1.51
1.65
2.09
2.34
2.47
2.54
2.62
2.64
2.62
2.22
2.52
2.48
2.47
2.53
2.69
2.85
2.85
2.79
2.85
3.81
3.52
3.06
2.78
2.65
2.54
2.51
1.57
1.36
1.41
0.96
2.92
2.28
2.48
2.50
2.66
2.67
2.69
2.50
2.45
2.43
1.73
2.62
2.90
3.05
3.02
3.20
3.47
3.49
3.49
2.55
2.53
2.53
2.03
2.44
1.43
1.46
1.61
2.16
2.44
2.56
2.62
2.72
2.79
2.76
2.56
2.47
2.26
2.29
2.61
2.94
3.11
3.30
3.59
3.52
3.37
2.67
2.54
2.50
2.11
2.34
1.73
2.13
1.85
1.89
2.14
2.29
2.45
2.50
2.67
2.91
2.77
2.51
2.40
2.29
2.34
2.73
3.06
3.29
3.40
3.60
3.50
2.57
2.52
1.88
1.09
1.11
1.58
2.13
2.42
2.60
2.71
2.75
2.79
2.79
2.56
2.56
2.53
2.34
2.19
2.28
2.52
2.77
2.80
2.79
2.91
3.20
3.39
3.44
3.42
3.16
2.55
2.52
1.98
1.22
1.12
1.59
2.12
2.40
2.51
2.60
2.73
2.79
2.77
2.66
2.57
2.43
1.99
2.14
2.37
2.81
3.26
3.41
3.48
3.29
2.81
1.91
1.77
1.31
1.40
1.92
2.38
2.59
2.72
2.84
2.88
2.57
2.54
2.28
2.28
2.26
2.45
2.91
3.14
3.40
3.57
3.60
3.54
2.56
2.56
2.05
1.77
1.64
1.68
1.80
1.97
2.10
2.33
2.50
2.71
2.85
2.85
2.61
2.55
2.36
2.27
2.33
2.49
2.59
2.74
2.82
2.92
3.15
3.37
3.37
3.30
3.50
2.56
2.54
2.45
1.86
1.60
1.48
2.39
1.88
2.59
2.46
2.61
3.23
2.87
2.68
2.54
2.29
2.22
2.63
3.02
3.16
3.28
3.40
3.35
3.46
3.27
2.55
2.54
2.54
2.03
1.59
1.28
1.53
1.80
2.11
2.45
2.60
2.71
2.79
2.80
2.62
2.27
2.20
2.40
2.53
2.61
2.62
2.76
3.11
3.50
3.71
3.84
3.74
2.55
2.47
1.33
1.22
1.74
1.81
2.27
2.56
2.74
2.92
2.82
2.57
2.24
2.21
2.38
2.50
2.55
2.68
2.92
3.09
3.11
3.14
3.33
3.67
3.91
2.56
2.54
2.49
1.90
1.57
1.42
1.66
2.00
2.30
2.65
2.93
2.85
2.81
2.54
2.35
2.04
2.21
2.75
3.04
3.06
3.14
3.39
3.61
3.65
2.54
2.55
2.55
2.53
2.55
5.00
0.00
0.00
5.00
0.00
0.00
5.00
0.00
5.00
4.46
0.00
5.00
0.48
0.00
5.00
0.00
2.72
5.00
0.00
5.00
2.52
0.00
2.60
2.59
1.95
5.00
0.00
4.85
4.98
0.00
0.00
5.00
0.00
1.36
5.00
2.53
2.59
3.52
2.52
2.59
2.54
2.58
2.86
2.56
